1 1 astr hamm 1 1 3 1 13.204
1 1 astr manh 1 1 3 1 11.353
1 1 bfs drlu 1 2 5 1 12.041
1 1 bfs drul 1 2 5 1 17.838
1 1 bfs ludr 1 4 10 1 13.449
1 1 bfs lurd 1 4 10 1 12.984
1 1 bfs rdlu 1 2 5 1 13.641
1 1 bfs rdul 1 2 5 1 13.121
1 1 bfs uldr 1 4 10 1 13.396
1 1 bfs ulrd 1 4 10 1 11.846
1 1 dfs drlu 1 3 2 1 11.105
1 1 dfs drul 1 3 2 1 10.628
1 1 dfs ludr 17 326034 152998 20 689.053
1 1 dfs lurd 19 488232 229147 20 887.206
1 1 dfs rdlu 1 3 2 1 10.586
1 1 dfs rdul 1 3 2 1 14.674
1 1 dfs uldr 19 543806 255257 20 1043.484
1 1 dfs ulrd 19 325694 152840 20 657.01
1 2 astr hamm 1 1 3 1 10.928
1 2 astr manh 1 1 3 1 10.912
1 2 bfs drlu 1 2 5 1 13.657
1 2 bfs drul 1 2 5 1 13.112
1 2 bfs ludr 1 4 10 1 16.58
1 2 bfs lurd 1 4 10 1 11.905
1 2 bfs rdlu 1 2 5 1 12.362
1 2 bfs rdul 1 2 5 1 11.279
1 2 bfs uldr 1 4 10 1 12.134
1 2 bfs ulrd 1 4 10 1 12.286
1 2 dfs drlu 1 3 2 1 11.02
1 2 dfs drul 1 3 2 1 11.928
1 2 dfs ludr 19 325694 152840 20 669.967
1 2 dfs lurd 19 543806 255257 20 1137.069
1 2 dfs rdlu 1 3 2 1 11.414
1 2 dfs rdul 1 3 2 1 11.227
1 2 dfs uldr 19 488232 229147 20 958.569
1 2 dfs ulrd 17 326034 152998 20 674.271
2 1 astr hamm 2 2 5 2 11.712
2 1 astr manh 2 2 5 2 12.26
2 1 bfs drlu 2 5 11 2 12.666
2 1 bfs drul 2 5 11 2 12.984
2 1 bfs ludr 2 10 24 2 13.729
2 1 bfs lurd 2 10 24 2 14.983
2 1 bfs rdlu 2 5 11 2 16.122
2 1 bfs rdul 2 5 11 2 17.027
2 1 bfs uldr 2 10 24 2 12.655
2 1 bfs ulrd 2 10 24 2 13.625
2 1 dfs drlu 2 5 3 2 11.347
2 1 dfs drul 2 5 3 2 11.978
2 1 dfs ludr 18 611 281 20 21.433
2 1 dfs lurd 20 104516 49065 20 312.348
2 1 dfs rdlu 2 5 3 2 11.141
2 1 dfs rdul 2 5 3 2 13.714
2 1 dfs uldr 20 168065 78889 20 389.778
2 1 dfs ulrd 20 105 47 20 14.103
2 2 astr hamm 2 2 6 2 11.973
2 2 astr manh 2 2 6 2 12.473
2 2 bfs drlu 2 8 19 2 13.471
2 2 bfs drul 2 8 19 2 13.314
2 2 bfs ludr 2 15 35 2 12.239
2 2 bfs lurd 2 13 32 2 16.11
2 2 bfs rdlu 2 6 16 2 13.911
2 2 bfs rdul 2 6 16 2 13.251
2 2 bfs uldr 2 15 35 2 13.537
2 2 bfs ulrd 2 13 32 2 14.299
2 2 dfs drlu 10 21 11 10 12.362
2 2 dfs drul 20 46250 21709 20 171.573
2 2 dfs ludr 20 166 76 20 14.185
2 2 dfs lurd 20 168026 78871 20 454.557
2 2 dfs rdlu 2 5 3 2 11.312
2 2 dfs rdul 2 5 3 2 12.029
2 2 dfs uldr 20 168032 78874 20 450.56
2 2 dfs ulrd 20 160 73 20 14.684
2 3 astr hamm 2 2 6 2 10.889
2 3 astr manh 2 2 6 2 13.821
2 3 bfs drlu 2 6 16 2 12.347
2 3 bfs drul 2 6 16 2 12.134
2 3 bfs ludr 2 13 32 2 13.374
2 3 bfs lurd 2 15 35 2 13.537
2 3 bfs rdlu 2 8 19 2 13.23
2 3 bfs rdul 2 8 19 2 13.148
2 3 bfs uldr 2 13 32 2 15.995
2 3 bfs ulrd 2 15 35 2 14.469
2 3 dfs drlu 2 5 3 2 11.502
2 3 dfs drul 2 5 3 2 10.521
2 3 dfs ludr 20 160 73 20 15.292
2 3 dfs lurd 20 168032 78874 20 399.921
2 3 dfs rdlu 20 46250 21709 20 221.829
2 3 dfs rdul 10 21 11 10 13.438
2 3 dfs uldr 20 168026 78871 20 444.212
2 3 dfs ulrd 20 166 76 20 15.644
2 4 astr hamm 2 2 5 2 11.432
2 4 astr manh 2 2 5 2 12.184
2 4 bfs drlu 2 5 11 2 11.238
2 4 bfs drul 2 5 11 2 13.717
2 4 bfs ludr 2 10 24 2 13.337
2 4 bfs lurd 2 10 24 2 14.024
2 4 bfs rdlu 2 5 11 2 12.668
2 4 bfs rdul 2 5 11 2 13.472
2 4 bfs uldr 2 10 24 2 13.383
2 4 bfs ulrd 2 10 24 2 13.607
2 4 dfs drlu 2 5 3 2 16.791
2 4 dfs drul 2 5 3 2 12.142
2 4 dfs ludr 20 105 47 20 14.358
2 4 dfs lurd 20 168065 78889 20 430.983
2 4 dfs rdlu 2 5 3 2 11.583
2 4 dfs rdul 2 5 3 2 11.204
2 4 dfs uldr 20 104516 49065 20 284.933
2 4 dfs ulrd 18 611 281 20 21.83
3 1 astr hamm 3 4 8 3 14.134
3 1 astr manh 3 4 8 3 12.637
3 1 bfs drlu 3 8 18 3 12.225
3 1 bfs drul 3 8 18 3 14.686
3 1 bfs ludr 3 17 41 3 13.3
3 1 bfs lurd 3 17 41 3 16.738
3 1 bfs rdlu 3 8 18 3 13.022
3 1 bfs rdul 3 8 18 3 16.511
3 1 bfs uldr 3 17 41 3 14.856
3 1 bfs ulrd 3 17 41 3 12.725
3 1 dfs drlu 3 7 4 3 11.173
3 1 dfs drul 3 7 4 3 14.141
3 1 dfs ludr 19 357913 168044 20 815.175
3 1 dfs lurd 19 182 84 20 15.87
3 1 dfs rdlu 3 7 4 3 11.873
3 1 dfs rdul 3 7 4 3 11.489
3 1 dfs uldr 19 357913 168044 20 740.632
3 1 dfs ulrd 19 182 84 20 17.512
3 2 astr hamm 3 3 8 3 13.069
3 2 astr manh 3 3 8 3 13.73
3 2 bfs drlu 3 23 49 3 17.866
3 2 bfs drul 3 23 49 3 13.827
3 2 bfs ludr 3 35 73 3 21.731
3 2 bfs lurd 3 28 60 3 14.597
3 2 bfs rdlu 3 16 36 3 15.462
3 2 bfs rdul 3 16 36 3 13.329
3 2 bfs uldr 3 35 73 3 18.066
3 2 bfs ulrd 3 28 60 3 16.572
3 2 dfs drlu 17 805 377 20 26.258
3 2 dfs drul 17 357918 168049 20 930.646
3 2 dfs ludr 17 1273 592 20 27.168
3 2 dfs lurd 19 222610 104495 20 549.344
3 2 dfs rdlu 3 7 4 3 11.717
3 2 dfs rdul 3 7 4 3 13.725
3 2 dfs uldr 19 357865 168023 20 720.398
3 2 dfs ulrd 19 259 121 20 18.144
3 3 astr hamm 3 3 9 3 12.03
3 3 astr manh 3 3 9 3 14.04
3 3 bfs drlu 3 18 39 3 15.369
3 3 bfs drul 3 18 39 3 13.713
3 3 bfs ludr 3 32 67 3 14.74
3 3 bfs lurd 3 33 70 3 15.284
3 3 bfs rdlu 3 19 42 3 58.692
3 3 bfs rdul 3 19 42 3 18.977
3 3 bfs uldr 3 32 67 3 15.923
3 3 bfs ulrd 3 33 70 3 14.524
3 3 dfs drlu 11 23 12 11 12.215
3 3 dfs drul 11 356829 167538 20 731.795
3 3 dfs ludr 17 1141 531 20 24.72
3 3 dfs lurd 19 293481 137755 20 584.733
3 3 dfs rdlu 19 357746 167967 20 768.484
3 3 dfs rdul 19 189 89 20 16.402
3 3 dfs uldr 19 357838 168011 20 699.2
3 3 dfs ulrd 19 296 139 20 16.886
3 4 astr hamm 3 3 9 3 11.841
3 4 astr manh 3 3 9 3 15.662
3 4 bfs drlu 3 21 45 3 14.803
3 4 bfs drul 3 21 45 3 15.219
3 4 bfs ludr 3 35 73 3 17.351
3 4 bfs lurd 3 30 64 3 14.499
3 4 bfs rdlu 3 16 36 3 12.879
3 4 bfs rdul 3 16 36 3 15.331
3 4 bfs uldr 3 35 73 3 17.731
3 4 bfs ulrd 3 30 64 3 17.378
3 4 dfs drlu 19 201 95 20 17.984
3 4 dfs drul 19 357758 167973 20 762.083
3 4 dfs ludr 19 308 145 20 17.54
3 4 dfs lurd 19 357826 168005 20 729.442
3 4 dfs rdlu 3 7 4 3 11.142
3 4 dfs rdul 3 7 4 3 12.465
3 4 dfs uldr 17 358386 168264 20 858.232
3 4 dfs ulrd 17 1080 504 20 24.726
3 5 astr hamm 3 4 9 3 11.436
3 5 astr manh 3 3 8 3 13.101
3 5 bfs drlu 3 17 40 3 13.474
3 5 bfs drul 3 13 30 3 14.549
3 5 bfs ludr 3 22 51 3 16.334
3 5 bfs lurd 3 22 51 3 16.034
3 5 bfs rdlu 3 17 40 3 13.91
3 5 bfs rdul 3 13 30 3 14.01
3 5 bfs uldr 3 18 41 3 14.159
3 5 bfs ulrd 3 18 41 3 12.852
3 5 dfs drlu 9 19 10 9 11.891
3 5 dfs drul 19 98399 46229 20 322.089
3 5 dfs ludr 17 1227025 575952 20 2236.403
3 5 dfs lurd 19 1410838 662292 20 2478.121
3 5 dfs rdlu 9 19 10 9 12.172
3 5 dfs rdul 19 924 437 20 26.024
3 5 dfs uldr 19 510414 239581 20 1011.954
3 5 dfs ulrd 17 325973 152971 20 685.513
3 6 astr hamm 3 3 9 3 13.777
3 6 astr manh 3 3 9 3 14.321
3 6 bfs drlu 3 16 36 3 14.438
3 6 bfs drul 3 16 36 3 16.156
3 6 bfs ludr 3 30 64 3 14.42
3 6 bfs lurd 3 35 73 3 15.849
3 6 bfs rdlu 3 21 45 3 14.991
3 6 bfs rdul 3 21 45 3 14.609
3 6 bfs uldr 3 30 64 3 17.426
3 6 bfs ulrd 3 35 73 3 15.271
3 6 dfs drlu 3 7 4 3 11.791
3 6 dfs drul 3 7 4 3 12.988
3 6 dfs ludr 17 1080 504 20 24.135
3 6 dfs lurd 17 358386 168264 20 868.943
3 6 dfs rdlu 19 357758 167973 20 797.796
3 6 dfs rdul 19 201 95 20 19.008
3 6 dfs uldr 19 357826 168005 20 723.299
3 6 dfs ulrd 19 308 145 20 17.466
3 7 astr hamm 3 3 9 3 12.13
3 7 astr manh 3 3 9 3 16.228
3 7 bfs drlu 3 19 42 3 15.195
3 7 bfs drul 3 19 42 3 13.781
3 7 bfs ludr 3 33 70 3 16.555
3 7 bfs lurd 3 32 67 3 16.921
3 7 bfs rdlu 3 18 39 3 13.487
3 7 bfs rdul 3 18 39 3 16.644
3 7 bfs uldr 3 33 70 3 31.434
3 7 bfs ulrd 3 32 67 3 16.248
3 7 dfs drlu 19 189 89 20 14.451
3 7 dfs drul 19 357746 167967 20 785.336
3 7 dfs ludr 19 296 139 20 16.845
3 7 dfs lurd 19 357838 168011 20 768.222
3 7 dfs rdlu 11 356829 167538 20 727.86
3 7 dfs rdul 11 23 12 11 12.916
3 7 dfs uldr 19 293481 137755 20 692.146
3 7 dfs ulrd 17 1141 531 20 24.653
3 8 astr hamm 3 4 9 3 11.672
3 8 astr manh 3 3 8 3 14.463
3 8 bfs drlu 3 13 30 3 13.453
3 8 bfs drul 3 17 40 3 13.591
3 8 bfs ludr 3 18 41 3 17.403
3 8 bfs lurd 3 18 41 3 14.021
3 8 bfs rdlu 3 13 30 3 15.439
3 8 bfs rdul 3 17 40 3 14.606
3 8 bfs uldr 3 22 51 3 13.893
3 8 bfs ulrd 3 22 51 3 14.412
3 8 dfs drlu 19 924 437 20 27.848
3 8 dfs drul 9 19 10 9 11.508
3 8 dfs ludr 17 325973 152971 20 675.31
3 8 dfs lurd 19 510414 239581 20 972.193
3 8 dfs rdlu 19 98399 46229 20 275.391
3 8 dfs rdul 9 19 10 9 13.167
3 8 dfs uldr 19 1410838 662292 20 2473.21
3 8 dfs ulrd 17 1227025 575952 20 2147.377
3 9 astr hamm 3 3 8 3 11.857
3 9 astr manh 3 3 8 3 13.902
3 9 bfs drlu 3 16 36 3 14.761
3 9 bfs drul 3 16 36 3 18.36
3 9 bfs ludr 3 28 60 3 15.911
3 9 bfs lurd 3 35 73 3 16.03
3 9 bfs rdlu 3 23 49 3 14.803
3 9 bfs rdul 3 23 49 3 15.015
3 9 bfs uldr 3 28 60 3 16.987
3 9 bfs ulrd 3 35 73 3 16.059
3 9 dfs drlu 3 7 4 3 11.814
3 9 dfs drul 3 7 4 3 11.142
3 9 dfs ludr 19 259 121 20 17.247
3 9 dfs lurd 19 357865 168023 20 817.708
3 9 dfs rdlu 17 357918 168049 20 761.186
3 9 dfs rdul 17 805 377 20 23.494
3 9 dfs uldr 19 222610 104495 20 554.33
3 9 dfs ulrd 17 1273 592 20 27.856
3 10 astr hamm 3 3 6 3 11.116
3 10 astr manh 3 3 6 3 11.935
3 10 bfs drlu 3 8 18 3 12.639
3 10 bfs drul 3 8 18 3 17.273
3 10 bfs ludr 3 17 41 3 14.929
3 10 bfs lurd 3 17 41 3 15.585
3 10 bfs rdlu 3 8 18 3 14.052
3 10 bfs rdul 3 8 18 3 18.75
3 10 bfs uldr 3 17 41 3 14.571
3 10 bfs ulrd 3 17 41 3 13.629
3 10 dfs drlu 3 7 4 3 21.947
3 10 dfs drul 3 7 4 3 11.197
3 10 dfs ludr 19 182 84 20 15.532
3 10 dfs lurd 19 357913 168044 20 788.759
3 10 dfs rdlu 3 7 4 3 13.216
3 10 dfs rdul 3 7 4 3 10.946
3 10 dfs uldr 19 182 84 20 14.952
3 10 dfs ulrd 19 357913 168044 20 828.839
4 1 astr hamm 4 4 8 4 16.277
4 1 astr manh 4 4 8 4 14.836
4 1 bfs drlu 4 42 89 4 15.945
4 1 bfs drul 4 42 89 4 19.5
4 1 bfs ludr 4 56 122 4 18.812
4 1 bfs lurd 4 39 90 4 15.375
4 1 bfs rdlu 4 25 57 4 14.081
4 1 bfs rdul 4 25 57 4 22.601
4 1 bfs uldr 4 56 122 4 17.142
4 1 bfs ulrd 4 39 90 4 15.918
4 1 dfs drlu 20 565 262 20 20.903
4 1 dfs drul 20 168133 78922 20 438.895
4 1 dfs ludr 18 762369 357893 20 1418.455
4 1 dfs lurd 18 338 162 20 17.571
4 1 dfs rdlu 4 9 5 4 11.282
4 1 dfs rdul 4 9 5 4 14.234
4 1 dfs uldr 18 762369 357893 20 1426.666
4 1 dfs ulrd 18 338 162 20 17.648
4 2 astr hamm 4 4 10 4 27.227
4 2 astr manh 4 4 10 4 17.586
4 2 bfs drlu 4 32 70 4 18.093
4 2 bfs drul 4 32 70 4 15.555
4 2 bfs ludr 4 51 110 4 16.775
4 2 bfs lurd 4 49 109 4 17.689
4 2 bfs rdlu 4 30 69 4 14.399
4 2 bfs rdul 4 30 69 4 20.763
4 2 bfs uldr 4 51 110 4 17.222
4 2 bfs ulrd 4 49 109 4 38.402
4 2 dfs drlu 18 396 184 20 22.282
4 2 dfs drul 18 168068 78893 20 415.199
4 2 dfs ludr 18 762267 357845 20 1415.426
4 2 dfs lurd 18 504 239 20 20.098
4 2 dfs rdlu 20 52547 24662 20 168.255
4 2 dfs rdul 16 20104 9456 20 83.406
4 2 dfs uldr 18 762267 357845 20 1408.559
4 2 dfs ulrd 18 504 239 20 19.856
4 3 astr hamm 4 4 11 4 11.673
4 3 astr manh 4 4 11 4 16.652
4 3 bfs drlu 4 56 112 4 19.203
4 3 bfs drul 4 56 112 4 16.858
4 3 bfs ludr 4 73 153 4 17.894
4 3 bfs lurd 4 53 115 4 16.936
4 3 bfs rdlu 4 36 74 4 15.887
4 3 bfs rdul 4 36 74 4 15.569
4 3 bfs uldr 4 73 153 4 20.031
4 3 bfs ulrd 4 53 115 4 17.21
4 3 dfs drlu 18 694106 325863 20 1349.811
4 3 dfs drul 20 736502 345707 20 1430.078
4 3 dfs ludr 16 2665 1255 20 31.853
4 3 dfs lurd 18 474231 222590 20 934.511
4 3 dfs rdlu 4 9 5 4 11.424
4 3 dfs rdul 4 9 5 4 10.945
4 3 dfs uldr 16 764426 358860 20 1395.795
4 3 dfs ulrd 16 1124 536 20 27.313
4 4 astr hamm 4 4 11 4 11.584
4 4 astr manh 4 4 11 4 16.578
4 4 bfs drlu 4 61 129 4 20.615
4 4 bfs drul 4 48 104 4 18.492
4 4 bfs ludr 4 61 123 4 21.344
4 4 bfs lurd 4 61 123 4 20.089
4 4 bfs rdlu 4 61 129 4 20.041
4 4 bfs rdul 4 48 104 4 21.856
4 4 bfs uldr 4 48 98 4 17.823
4 4 bfs ulrd 4 48 98 4 17.286
4 4 dfs drlu 16 1667 787 20 27.603
4 4 dfs drul 20 760745 357132 20 1425.927
4 4 dfs ludr 18 694217 325911 20 1386.125
4 4 dfs lurd 20 795346 373316 20 1598.328
4 4 dfs rdlu 16 763428 358392 20 1497.073
4 4 dfs rdul 16 618 295 20 24.778
4 4 dfs uldr 20 168044 78880 20 390.548
4 4 dfs ulrd 20 142 65 20 13.775
4 5 astr hamm 4 4 11 4 11.987
4 5 astr manh 4 4 11 4 16.89
4 5 bfs drlu 4 27 60 4 15.394
4 5 bfs drul 4 27 60 4 17.487
4 5 bfs ludr 4 48 104 4 16.861
4 5 bfs lurd 4 54 119 4 21.514
4 5 bfs rdlu 4 33 75 4 15.96
4 5 bfs rdul 4 33 75 4 14.571
4 5 bfs uldr 4 48 104 4 16.561
4 5 bfs ulrd 4 54 119 4 18.103
4 5 dfs drlu 12 25 13 12 11.165
4 5 dfs drul 12 167551 78651 20 382.155
4 5 dfs ludr 20 712965 334707 20 1384.514
4 5 dfs lurd 18 581 276 20 20.555
4 5 dfs rdlu 20 553100 259652 20 1071.535
4 5 dfs rdul 20 505066 237108 20 1114.538
4 5 dfs uldr 20 712147 334329 20 1404.427
4 5 dfs ulrd 18 581 276 20 22.741
4 6 astr hamm 4 4 12 4 11.652
4 6 astr manh 4 4 12 4 17.246
4 6 bfs drlu 4 51 102 4 16.691
4 6 bfs drul 4 51 102 4 15.897
4 6 bfs ludr 4 70 147 4 18.384
4 6 bfs lurd 4 58 125 4 16.364
4 6 bfs rdlu 4 39 80 4 19.754
4 6 bfs rdul 4 39 80 4 17.534
4 6 bfs uldr 4 70 147 4 18.213
4 6 bfs ulrd 4 58 125 4 17.505
4 6 dfs drlu 18 694029 325826 20 1312.516
4 6 dfs drul 18 1158522 543806 20 2005.553
4 6 dfs ludr 16 2387 1123 20 30.615
4 6 dfs lurd 18 625132 293461 20 1225.76
4 6 dfs rdlu 20 167988 78855 20 415.429
4 6 dfs rdul 20 110 51 20 15.02
4 6 dfs uldr 20 712085 334299 20 1348.339
4 6 dfs ulrd 16 1484 702 20 27.251
4 7 astr hamm 4 4 11 4 11.667
4 7 astr manh 4 4 11 4 15.541
4 7 bfs drlu 4 37 82 4 20.491
4 7 bfs drul 4 42 94 4 22.036
4 7 bfs ludr 4 41 88 4 18.45
4 7 bfs lurd 4 39 85 4 18.863
4 7 bfs rdlu 4 35 79 4 15.431
4 7 bfs rdul 4 40 91 4 16.813
4 7 bfs uldr 4 46 100 4 18.762
4 7 bfs ulrd 4 44 97 4 17.031
4 7 dfs drlu 18 762036 357738 20 1430.432
4 7 dfs drul 18 377 181 20 17.878
4 7 dfs ludr 18 550 254 20 20.835
4 7 dfs lurd 20 137776 64655 20 405.964
4 7 dfs rdlu 18 762009 357726 20 1448.056
4 7 dfs rdul 18 350 169 20 18.883
4 7 dfs uldr 20 1087508 510464 20 1966.261
4 7 dfs ulrd 20 693675 325657 20 1420.926
4 8 astr hamm 4 4 12 4 11.973
4 8 astr manh 4 4 12 4 22.03
4 8 bfs drlu 4 41 83 4 15.038
4 8 bfs drul 4 41 83 4 15.342
4 8 bfs ludr 4 60 128 4 21.727
4 8 bfs lurd 4 68 144 4 18.614
4 8 bfs rdlu 4 49 99 4 17.774
4 8 bfs rdul 4 49 99 4 18.207
4 8 bfs uldr 4 60 128 4 17.546
4 8 bfs ulrd 4 68 144 4 21.028
4 8 dfs drlu 20 116 54 20 13.373
4 8 dfs drul 20 167994 78858 20 377.396
4 8 dfs ludr 16 1616 763 20 28.039
4 8 dfs lurd 20 664804 312108 20 1369.262
4 8 dfs rdlu 20 1156424 542817 20 1996.698
4 8 dfs rdul 20 692163 324945 20 1394.47
4 8 dfs uldr 20 625132 293460 20 1172.127
4 8 dfs ulrd 16 2255 1062 20 30.608
4 9 astr hamm 4 4 11 4 11.957
4 9 astr manh 4 4 11 4 16.128
4 9 bfs drlu 4 35 78 4 18.536
4 9 bfs drul 4 35 78 4 15.07
4 9 bfs ludr 4 56 122 4 19.411
4 9 bfs lurd 4 46 101 4 17.364
4 9 bfs rdlu 4 25 57 4 16.656
4 9 bfs rdul 4 25 57 4 16.382
4 9 bfs uldr 4 56 122 4 16.577
4 9 bfs ulrd 4 46 101 4 17.804
4 9 dfs drlu 18 505053 237102 20 1031.582
4 9 dfs drul 18 553087 259646 20 1091.326
4 9 dfs ludr 18 608 288 20 26.197
4 9 dfs lurd 20 664866 312138 20 1328.563
4 9 dfs rdlu 4 9 5 4 16.439
4 9 dfs rdul 4 9 5 4 11.423
4 9 dfs uldr 18 608 288 20 20.786
4 9 dfs ulrd 20 650178 305222 20 1385.663
4 10 astr hamm 4 4 11 4 12.247
4 10 astr manh 4 4 11 4 15.845
4 10 bfs drlu 4 42 94 4 15.195
4 10 bfs drul 4 37 82 4 15.267
4 10 bfs ludr 4 46 100 4 17.573
4 10 bfs lurd 4 44 97 4 15.479
4 10 bfs rdlu 4 40 91 4 16.264
4 10 bfs rdul 4 35 79 4 29.803
4 10 bfs uldr 4 41 88 4 18.311
4 10 bfs ulrd 4 39 85 4 17.868
4 10 dfs drlu 18 377 181 20 23.475
4 10 dfs drul 18 762036 357738 20 1422.008
4 10 dfs ludr 20 693681 325660 20 1340.815
4 10 dfs lurd 20 1040227 488273 20 1885.133
4 10 dfs rdlu 18 350 169 20 18.336
4 10 dfs rdul 18 762009 357726 20 1489.851
4 10 dfs uldr 18 168283 78990 20 406.661
4 10 dfs ulrd 18 523 242 20 19.563
4 11 astr hamm 4 5 11 4 12.874
4 11 astr manh 4 4 10 4 14.557
4 11 bfs drlu 4 27 62 4 15.817
4 11 bfs drul 4 27 62 4 14.204
4 11 bfs ludr 4 54 117 4 16.483
4 11 bfs lurd 4 54 117 4 18.507
4 11 bfs rdlu 4 27 62 4 16.571
4 11 bfs rdul 4 27 62 4 14.496
4 11 bfs uldr 4 54 117 4 23.51
4 11 bfs ulrd 4 54 117 4 17.691
4 11 dfs drlu 10 21 11 10 11.849
4 11 dfs drul 20 46250 21709 20 128.765
4 11 dfs ludr 20 693711 325673 20 1349.621
4 11 dfs lurd 20 1158482 543785 20 2332.214
4 11 dfs rdlu 10 21 11 10 12.626
4 11 dfs rdul 20 458 220 20 21.668
4 11 dfs uldr 20 104522 49068 20 353.517
4 11 dfs ulrd 20 611 280 20 22.065
4 12 astr hamm 4 5 11 4 11.82
4 12 astr manh 4 4 9 4 13.677
4 12 bfs drlu 4 22 52 4 16.605
4 12 bfs drul 4 30 69 4 21.108
4 12 bfs ludr 4 29 68 4 16.328
4 12 bfs lurd 4 29 68 4 15.429
4 12 bfs rdlu 4 22 52 4 16.253
4 12 bfs rdul 4 30 69 4 15.303
4 12 bfs uldr 4 37 85 4 15.506
4 12 bfs ulrd 4 37 85 4 15.637
4 12 dfs drlu 18 20836 9794 20 123.269
4 12 dfs drul 18 209494 98379 20 513.945
4 12 dfs ludr 18 575971 270438 20 1107.102
4 12 dfs lurd 20 662313 310993 20 1389.58
4 12 dfs rdlu 20 26620 12494 20 103.894
4 12 dfs rdul 18 1938 904 20 32.329
4 12 dfs uldr 20 794123 372872 20 1481.582
4 12 dfs ulrd 20 576011 270455 20 1132.308
4 13 astr hamm 4 4 11 4 11.861
4 13 astr manh 4 4 11 4 29.943
4 13 bfs drlu 4 25 57 4 14.385
4 13 bfs drul 4 25 57 4 15.185
4 13 bfs ludr 4 46 101 4 18.829
4 13 bfs lurd 4 56 122 4 22.354
4 13 bfs rdlu 4 35 78 4 17.793
4 13 bfs rdul 4 35 78 4 15.065
4 13 bfs uldr 4 46 101 4 20.677
4 13 bfs ulrd 4 56 122 4 16.782
4 13 dfs drlu 4 9 5 4 11.627
4 13 dfs drul 4 9 5 4 15.704
4 13 dfs ludr 20 650178 305222 20 1219.956
4 13 dfs lurd 18 608 288 20 20.919
4 13 dfs rdlu 18 553087 259646 20 1129.131
4 13 dfs rdul 18 505053 237102 20 992.101
4 13 dfs uldr 20 664866 312138 20 1266.489
4 13 dfs ulrd 18 608 288 20 20.162
4 14 astr hamm 4 4 12 4 11.68
4 14 astr manh 4 4 12 4 19.89
4 14 bfs drlu 4 49 99 4 26.736
4 14 bfs drul 4 49 99 4 16.043
4 14 bfs ludr 4 68 144 4 25.364
4 14 bfs lurd 4 60 128 4 16.711
4 14 bfs rdlu 4 41 83 4 17.09
4 14 bfs rdul 4 41 83 4 16.547
4 14 bfs uldr 4 68 144 4 18.095
4 14 bfs ulrd 4 60 128 4 18.444
4 14 dfs drlu 20 692163 324945 20 1449.969
4 14 dfs drul 20 1156424 542817 20 1950.903
4 14 dfs ludr 16 2255 1062 20 30.16
4 14 dfs lurd 20 625132 293460 20 1232.477
4 14 dfs rdlu 20 167994 78858 20 405.09
4 14 dfs rdul 20 116 54 20 14.388
4 14 dfs uldr 20 664804 312108 20 1274.73
4 14 dfs ulrd 16 1616 763 20 27.688
4 15 astr hamm 4 4 11 4 12.526
4 15 astr manh 4 4 11 4 15.846
4 15 bfs drlu 4 35 79 4 16.581
4 15 bfs drul 4 40 91 4 15.289
4 15 bfs ludr 4 39 85 4 15.278
4 15 bfs lurd 4 41 88 4 18.329
4 15 bfs rdlu 4 37 82 4 15.614
4 15 bfs rdul 4 42 94 4 18.182
4 15 bfs uldr 4 44 97 4 15.165
4 15 bfs ulrd 4 46 100 4 16.196
4 15 dfs drlu 18 762009 357726 20 1413.744
4 15 dfs drul 18 350 169 20 17.522
4 15 dfs ludr 18 523 242 20 20.274
4 15 dfs lurd 18 168283 78990 20 398.737
4 15 dfs rdlu 18 762036 357738 20 1480.014
4 15 dfs rdul 18 377 181 20 18.274
4 15 dfs uldr 20 1040227 488273 20 1880.001
4 15 dfs ulrd 20 693681 325660 20 1373.812
4 16 astr hamm 4 4 12 4 11.791
4 16 astr manh 4 4 12 4 17.449
4 16 bfs drlu 4 39 80 4 16.477
4 16 bfs drul 4 39 80 4 19.343
4 16 bfs ludr 4 58 125 4 16.767
4 16 bfs lurd 4 70 147 4 19.959
4 16 bfs rdlu 4 51 102 4 16.444
4 16 bfs rdul 4 51 102 4 33.542
4 16 bfs uldr 4 58 125 4 21.371
4 16 bfs ulrd 4 70 147 4 19.82
4 16 dfs drlu 20 110 51 20 13.804
4 16 dfs drul 20 167988 78855 20 403.274
4 16 dfs ludr 16 1484 702 20 27.258
4 16 dfs lurd 20 712085 334299 20 1458.661
4 16 dfs rdlu 18 1158522 543806 20 1987.441
4 16 dfs rdul 18 694029 325826 20 1473.16
4 16 dfs uldr 18 625132 293461 20 1189.614
4 16 dfs ulrd 16 2387 1123 20 37.903
4 17 astr hamm 4 4 11 4 11.513
4 17 astr manh 4 4 11 4 16.016
4 17 bfs drlu 4 33 75 4 17.572
4 17 bfs drul 4 33 75 4 15.575
4 17 bfs ludr 4 54 119 4 18.734
4 17 bfs lurd 4 48 104 4 17.31
4 17 bfs rdlu 4 27 60 4 16.549
4 17 bfs rdul 4 27 60 4 31.586
4 17 bfs uldr 4 54 119 4 18.092
4 17 bfs ulrd 4 48 104 4 19.596
4 17 dfs drlu 20 505066 237108 20 953.26
4 17 dfs drul 20 553100 259652 20 1084.968
4 17 dfs ludr 18 581 276 20 20.597
4 17 dfs lurd 20 712147 334329 20 1419.417
4 17 dfs rdlu 12 167551 78651 20 385.404
4 17 dfs rdul 12 25 13 12 13.255
4 17 dfs uldr 18 581 276 20 19.763
4 17 dfs ulrd 20 712965 334707 20 1352.687
4 18 astr hamm 4 4 11 4 11.718
4 18 astr manh 4 4 11 4 16.345
4 18 bfs drlu 4 40 91 4 16.109
4 18 bfs drul 4 35 79 4 17.031
4 18 bfs ludr 4 44 97 4 21.42
4 18 bfs lurd 4 46 100 4 19.365
4 18 bfs rdlu 4 42 94 4 15.943
4 18 bfs rdul 4 37 82 4 16.442
4 18 bfs uldr 4 39 85 4 15.81
4 18 bfs ulrd 4 41 88 4 19.994
4 18 dfs drlu 18 350 169 20 17.793
4 18 dfs drul 18 762009 357726 20 1410.228
4 18 dfs ludr 20 693675 325657 20 1399.82
4 18 dfs lurd 20 1087508 510464 20 1978.664
4 18 dfs rdlu 18 377 181 20 18.691
4 18 dfs rdul 18 762036 357738 20 1570.192
4 18 dfs uldr 20 137776 64655 20 370.518
4 18 dfs ulrd 18 550 254 20 19.587
4 19 astr hamm 4 5 11 4 19.243
4 19 astr manh 4 5 11 4 15.138
4 19 bfs drlu 4 27 62 4 16.797
4 19 bfs drul 4 27 62 4 15.069
4 19 bfs ludr 4 54 117 4 17.976
4 19 bfs lurd 4 54 117 4 17.789
4 19 bfs rdlu 4 27 62 4 17.758
4 19 bfs rdul 4 27 62 4 14.445
4 19 bfs uldr 4 54 117 4 16.232
4 19 bfs ulrd 4 54 117 4 17.304
4 19 dfs drlu 20 458 220 20 19.498
4 19 dfs drul 10 21 11 10 11.282
4 19 dfs ludr 20 611 280 20 20.603
4 19 dfs lurd 20 104522 49068 20 311.082
4 19 dfs rdlu 20 46250 21709 20 122.828
4 19 dfs rdul 10 21 11 10 11.776
4 19 dfs uldr 20 1158482 543785 20 2034.63
4 19 dfs ulrd 20 693711 325673 20 1324.333
4 20 astr hamm 4 5 11 4 11.559
4 20 astr manh 4 5 11 4 15.937
4 20 bfs drlu 4 30 69 4 15.939
4 20 bfs drul 4 22 52 4 14.801
4 20 bfs ludr 4 37 85 4 15.854
4 20 bfs lurd 4 37 85 4 16.989
4 20 bfs rdlu 4 30 69 4 14.51
4 20 bfs rdul 4 22 52 4 14.307
4 20 bfs uldr 4 29 68 4 17.086
4 20 bfs ulrd 4 29 68 4 14.557
4 20 dfs drlu 18 1938 904 20 33.105
4 20 dfs drul 20 26620 12494 20 110.386
4 20 dfs ludr 20 576011 270455 20 1134.282
4 20 dfs lurd 20 794123 372872 20 1559.592
4 20 dfs rdlu 18 209494 98379 20 568.251
4 20 dfs rdul 18 20836 9794 20 88.99
4 20 dfs uldr 20 662313 310993 20 1308.507
4 20 dfs ulrd 18 575971 270438 20 1092.441
4 21 astr hamm 4 4 11 4 11.753
4 21 astr manh 4 4 11 4 17.088
4 21 bfs drlu 4 36 74 4 15.801
4 21 bfs drul 4 36 74 4 14.431
4 21 bfs ludr 4 53 115 4 16.096
4 21 bfs lurd 4 73 153 4 23.371
4 21 bfs rdlu 4 56 112 4 16.618
4 21 bfs rdul 4 56 112 4 16.314
4 21 bfs uldr 4 53 115 4 17.724
4 21 bfs ulrd 4 73 153 4 21.948
4 21 dfs drlu 4 9 5 4 12.726
4 21 dfs drul 4 9 5 4 12.065
4 21 dfs ludr 16 1124 536 20 24.254
4 21 dfs lurd 16 764426 358860 20 1437.318
4 21 dfs rdlu 20 736502 345707 20 1413.02
4 21 dfs rdul 18 694106 325863 20 1423.732
4 21 dfs uldr 18 474231 222590 20 867.626
4 21 dfs ulrd 16 2665 1255 20 34.201
4 22 astr hamm 4 4 10 4 12.92
4 22 astr manh 4 4 10 4 14.764
4 22 bfs drlu 4 30 69 4 18.053
4 22 bfs drul 4 30 69 4 15.516
4 22 bfs ludr 4 49 109 4 17.332
4 22 bfs lurd 4 51 110 4 16.064
4 22 bfs rdlu 4 32 70 4 20.63
4 22 bfs rdul 4 32 70 4 18.2
4 22 bfs uldr 4 49 109 4 16.7
4 22 bfs ulrd 4 51 110 4 18.379
4 22 dfs drlu 16 20104 9456 20 139.957
4 22 dfs drul 20 52547 24662 20 172.772
4 22 dfs ludr 18 504 239 20 20.53
4 22 dfs lurd 18 762267 357845 20 1428.827
4 22 dfs rdlu 18 168068 78893 20 380.064
4 22 dfs rdul 18 396 184 20 22.135
4 22 dfs uldr 18 504 239 20 20.833
4 22 dfs ulrd 18 762267 357845 20 1442.434
4 23 astr hamm 4 4 11 4 11.603
4 23 astr manh 4 4 11 4 16.254
4 23 bfs drlu 4 48 104 4 19.603
4 23 bfs drul 4 61 129 4 20.416
4 23 bfs ludr 4 48 98 4 17.535
4 23 bfs lurd 4 48 98 4 31.026
4 23 bfs rdlu 4 48 104 4 16.457
4 23 bfs rdul 4 61 129 4 16.205
4 23 bfs uldr 4 61 123 4 17.502
4 23 bfs ulrd 4 61 123 4 21.656
4 23 dfs drlu 16 618 295 20 22.452
4 23 dfs drul 16 763428 358392 20 1440.732
4 23 dfs ludr 20 142 65 20 15.098
4 23 dfs lurd 20 168044 78880 20 402.024
4 23 dfs rdlu 20 760745 357132 20 1579.779
4 23 dfs rdul 16 1667 787 20 29.941
4 23 dfs uldr 20 795346 373316 20 1468.253
4 23 dfs ulrd 18 694217 325911 20 1330.244
4 24 astr hamm 4 4 8 4 12.051
4 24 astr manh 4 4 8 4 12.788
4 24 bfs drlu 4 25 57 4 17.45
4 24 bfs drul 4 25 57 4 14.103
4 24 bfs ludr 4 39 90 4 15.107
4 24 bfs lurd 4 56 122 4 17.499
4 24 bfs rdlu 4 42 89 4 15.357
4 24 bfs rdul 4 42 89 4 15.831
4 24 bfs uldr 4 39 90 4 15.327
4 24 bfs ulrd 4 56 122 4 18.319
4 24 dfs drlu 4 9 5 4 12.064
4 24 dfs drul 4 9 5 4 11.231
4 24 dfs ludr 18 338 162 20 17.758
4 24 dfs lurd 18 762369 357893 20 1442.901
4 24 dfs rdlu 20 168133 78922 20 419.888
4 24 dfs rdul 20 565 262 20 22.921
4 24 dfs uldr 18 338 162 20 17.119
4 24 dfs ulrd 18 762369 357893 20 1420.591
5 1 astr hamm 5 5 10 5 12.993
5 1 astr manh 5 5 10 5 14.287
5 1 bfs drlu 5 106 220 5 25.414
5 1 bfs drul 5 106 220 5 22.886
5 1 bfs ludr 5 122 258 5 24.871
5 1 bfs lurd 5 73 161 5 23.18
5 1 bfs rdlu 5 57 123 5 18.415
5 1 bfs rdul 5 57 123 5 16.809
5 1 bfs uldr 5 122 258 5 24.952
5 1 bfs ulrd 5 73 161 5 18.367
5 1 dfs drlu 19 2575730 1209221 20 3992.865
5 1 dfs drul 19 2838273 1332417 20 4316.129
5 1 dfs ludr 17 1624213 762350 20 2735.038
5 1 dfs lurd 17 669 319 20 21.745
5 1 dfs rdlu 5 11 6 5 11.198
5 1 dfs rdul 5 11 6 5 11.499
5 1 dfs uldr 17 1624213 762350 20 2627.337
5 1 dfs ulrd 17 669 319 20 21.357
5 2 astr hamm 5 5 11 5 12.083
5 2 astr manh 5 5 11 5 16.083
5 2 bfs drlu 5 139 298 5 22.377
5 2 bfs drul 5 114 243 5 25.044
5 2 bfs ludr 5 113 242 5 20.799
5 2 bfs lurd 5 113 242 5 23.425
5 2 bfs rdlu 5 139 298 5 25.957
5 2 bfs rdul 5 114 243 5 21.638
5 2 bfs uldr 5 88 187 5 19.344
5 2 bfs ulrd 5 88 187 5 22.194
5 2 dfs drlu 19 1168 544 20 24.607
5 2 dfs drul 19 358054 168112 20 715.464
5 2 dfs ludr 19 933 434 20 24.077
5 2 dfs lurd 19 358046 168106 20 735.073
5 2 dfs rdlu 19 109280 51278 20 290.267
5 2 dfs rdul 19 44117 20688 20 264.989
5 2 dfs uldr 19 357913 168044 20 703.01
5 2 dfs ulrd 19 182 84 20 16.099
5 3 astr hamm 5 5 12 5 12.166
5 3 astr manh 5 5 12 5 18.258
5 3 bfs drlu 5 96 201 5 20.149
5 3 bfs drul 5 96 201 5 21.314
5 3 bfs ludr 5 117 246 5 37.407
5 3 bfs lurd 5 83 180 5 18.642
5 3 bfs rdlu 5 62 135 5 31.339
5 3 bfs rdul 5 62 135 5 17.331
5 3 bfs uldr 5 117 246 5 22.33
5 3 bfs ulrd 5 83 180 5 20.999
5 3 dfs drlu 19 2575653 1209184 20 3969.176
5 3 dfs drul 19 2838196 1332380 20 4271.965
5 3 dfs ludr 17 1624002 762248 20 2692.729
5 3 dfs lurd 17 1029 485 20 26.163
5 3 dfs rdlu 17 96570 45330 20 326.84
5 3 dfs rdul 17 9474 4463 20 62.216
5 3 dfs uldr 17 1624002 762248 20 2702.771
5 3 dfs ulrd 17 1029 485 20 24.069
5 4 astr hamm 5 5 11 5 12.321
5 4 astr manh 5 8 16 5 17.605
5 4 bfs drlu 5 76 163 5 20.33
5 4 bfs drul 5 76 163 5 22.061
5 4 bfs ludr 5 68 149 5 19.594
5 4 bfs lurd 5 61 136 5 23.195
5 4 bfs rdlu 5 69 150 5 21.215
5 4 bfs rdul 5 69 150 5 17.259
5 4 bfs uldr 5 68 149 5 18.066
5 4 bfs ulrd 5 61 136 5 21.785
5 4 dfs drlu 19 138845 65169 20 330.928
5 4 dfs drul 15 47539 22307 20 126.311
5 4 dfs ludr 19 357865 168023 20 695.667
5 4 dfs lurd 19 259 121 20 16.371
5 4 dfs rdlu 19 111955 52526 20 431.526
5 4 dfs rdul 15 42824 20087 20 217.004
5 4 dfs uldr 19 357865 168023 20 708.18
5 4 dfs ulrd 19 259 121 20 20.836
5 5 astr hamm 5 5 13 5 12.476
5 5 astr manh 5 5 13 5 17.938
5 5 bfs drlu 5 77 161 5 23.368
5 5 bfs drul 5 77 161 5 20.389
5 5 bfs ludr 5 100 214 5 22.087
5 5 bfs lurd 5 102 220 5 20.572
5 5 bfs rdlu 5 79 167 5 18.805
5 5 bfs rdul 5 79 167 5 21.59
5 5 bfs uldr 5 100 214 5 44.231
5 5 bfs ulrd 5 102 220 5 20.316
5 5 dfs drlu 19 325883 152931 20 759.187
5 5 dfs drul 19 543863 255287 20 1047.426
5 5 dfs ludr 15 1628570 764409 20 2707.137
5 5 dfs lurd 15 2344 1107 20 36.54
5 5 dfs rdlu 19 99177 46556 20 300.991
5 5 dfs rdul 19 12081 5689 20 73.963
5 5 dfs uldr 15 1628570 764409 20 2648.684
5 5 dfs ulrd 15 2344 1107 20 32.142
5 6 astr hamm 5 5 13 5 12.841
5 6 astr manh 5 5 13 5 19.209
5 6 bfs drlu 5 99 205 5 25.896
5 6 bfs drul 5 99 205 5 20.4
5 6 bfs ludr 5 122 258 5 35.48
5 6 bfs lurd 5 80 176 5 21.329
5 6 bfs rdlu 5 57 123 5 17.616
5 6 bfs rdul 5 57 123 5 16.323
5 6 bfs uldr 5 122 258 5 22.619
5 6 bfs ulrd 5 80 176 5 19.436
5 6 dfs drlu 19 1226935 575912 20 2147.636
5 6 dfs drul 19 1691706 794024 20 2826.949
5 6 dfs ludr 15 5613 2648 20 40.241
5 6 dfs lurd 17 1010311 474212 20 1854.675
5 6 dfs rdlu 5 11 6 5 14.334
5 6 dfs rdul 5 11 6 5 11.868
5 6 dfs uldr 15 5613 2648 20 43.217
5 6 dfs ulrd 17 943030 442659 20 1751.324
5 7 astr hamm 5 5 14 5 17.801
5 7 astr manh 5 5 14 5 18.395
5 7 bfs drlu 5 136 290 5 23.942
5 7 bfs drul 5 121 256 5 24.498
5 7 bfs ludr 5 113 242 5 20.834
5 7 bfs lurd 5 106 229 5 20.745
5 7 bfs rdlu 5 129 277 5 24.48
5 7 bfs rdul 5 114 243 5 21.707
5 7 bfs uldr 5 98 208 5 19.869
5 7 bfs ulrd 5 91 195 5 33.417
5 7 dfs drlu 17 1478409 694087 20 2487.648
5 7 dfs drul 19 1568763 736481 20 2595.985
5 7 dfs ludr 19 1081806 507896 20 1917.473
5 7 dfs lurd 19 1167567 548105 20 2400.549
5 7 dfs rdlu 19 358186 168173 20 867.954
5 7 dfs rdul 19 941 440 20 25.424
5 7 dfs uldr 17 358878 168491 20 755.793
5 7 dfs ulrd 17 554 261 20 19.837
5 8 astr hamm 5 5 14 5 11.942
5 8 astr manh 5 5 14 5 18.062
5 8 bfs drlu 5 101 218 5 21.326
5 8 bfs drul 5 101 218 5 20.775
5 8 bfs ludr 5 141 301 5 33.979
5 8 bfs lurd 5 126 267 5 22.806
5 8 bfs rdlu 5 86 184 5 20.113
5 8 bfs rdul 5 86 184 5 18.872
5 8 bfs uldr 5 141 301 5 29.128
5 8 bfs ulrd 5 126 267 5 22.534
5 8 dfs drlu 17 1080699 507379 20 1882.769
5 8 dfs drul 17 1166824 547763 20 2058.445
5 8 dfs ludr 17 1478650 694198 20 2505.696
5 8 dfs lurd 19 1694246 795325 20 2785.983
5 8 dfs rdlu 17 358410 168276 20 720.206
5 8 dfs rdul 17 313 150 20 17.265
5 8 dfs uldr 19 358283 168217 20 726.876
5 8 dfs ulrd 19 1038 484 20 25.418
5 9 astr hamm 5 7 16 5 12.362
5 9 astr manh 5 6 14 5 17.574
5 9 bfs drlu 5 88 190 5 19.048
5 9 bfs drul 5 97 209 5 23.041
5 9 bfs ludr 5 82 172 5 20.439
5 9 bfs lurd 5 82 172 5 19.145
5 9 bfs rdlu 5 88 190 5 24.176
5 9 bfs rdul 5 97 209 5 23.382
5 9 bfs uldr 5 91 191 5 21.655
5 9 bfs ulrd 5 91 191 5 19.646
5 9 dfs drlu 15 1626455 763411 20 2758.882
5 9 dfs drul 15 1278 601 20 25.624
5 9 dfs ludr 19 325931 152951 20 660.192
5 9 dfs lurd 19 543911 255307 20 1057.821
5 9 dfs rdlu 15 1626455 763411 20 2705.588
5 9 dfs rdul 15 1278 601 20 32.024
5 9 dfs uldr 19 1691230 793793 20 2858.227
5 9 dfs ulrd 19 1226879 575883 20 2156.603
5 10 astr hamm 5 6 14 5 16.952
5 10 astr manh 5 8 17 5 19.267
5 10 bfs drlu 5 110 234 5 21.038
5 10 bfs drul 5 75 165 5 19.255
5 10 bfs ludr 5 104 216 5 23.694
5 10 bfs lurd 5 104 216 5 23.824
5 10 bfs rdlu 5 110 234 5 23.097
5 10 bfs rdul 5 75 165 5 17.986
5 10 bfs uldr 5 69 147 5 19.821
5 10 bfs ulrd 5 69 147 5 24.39
5 10 dfs drlu 15 3498 1650 20 36.429
5 10 dfs drul 19 1620751 760724 20 2632.567
5 10 dfs ludr 19 1226983 575932 20 2202.366
5 10 dfs lurd 17 1342059 630031 20 2279.127
5 10 dfs rdlu 15 3498 1650 20 36.829
5 10 dfs rdul 19 1620461 760586 20 2768.275
5 10 dfs uldr 17 544146 255415 20 1031.482
5 10 dfs ulrd 17 325807 152894 20 646.372
5 11 astr hamm 5 5 13 5 12.073
5 11 astr manh 5 5 13 5 17.391
5 11 bfs drlu 5 91 191 5 22.621
5 11 bfs drul 5 91 191 5 22.091
5 11 bfs ludr 5 114 240 5 22.141
5 11 bfs lurd 5 88 190 5 19.951
5 11 bfs rdlu 5 65 141 5 27.211
5 11 bfs rdul 5 65 141 5 22.178
5 11 bfs uldr 5 114 240 5 22.048
5 11 bfs ulrd 5 88 190 5 24.869
5 11 dfs drlu 19 952232 447089 20 1750.907
5 11 dfs drul 19 927440 435430 20 1676.143
5 11 dfs ludr 19 1518861 712944 20 2520.217
5 11 dfs lurd 17 1195 562 20 24.705
5 11 dfs rdlu 17 759089 356350 20 1426.393
5 11 dfs rdul 17 732522 343882 20 1505.115
5 11 dfs uldr 19 1517137 712126 20 2589.538
5 11 dfs ulrd 17 1195 562 20 27.538
5 12 astr hamm 5 5 12 5 14.86
5 12 astr manh 5 6 14 5 17.119
5 12 bfs drlu 5 71 153 5 19.614
5 12 bfs drul 5 71 153 5 18.255
5 12 bfs ludr 5 65 143 5 17.946
5 12 bfs lurd 5 66 146 5 18.212
5 12 bfs rdlu 5 72 156 5 18.892
5 12 bfs rdul 5 72 156 5 26.966
5 12 bfs uldr 5 65 143 5 17.928
5 12 bfs ulrd 5 66 146 5 20.118
5 12 dfs drlu 19 1203385 564952 20 2097.448
5 12 dfs drul 19 1100969 516918 20 1895.206
5 12 dfs ludr 19 357838 168011 20 686.5
5 12 dfs lurd 19 296 139 20 17.14
5 12 dfs rdlu 19 1178129 553079 20 2133.032
5 12 dfs rdul 19 1075713 505045 20 1985.3
5 12 dfs uldr 19 357838 168011 20 700.395
5 12 dfs ulrd 19 296 139 20 16.658
5 13 astr hamm 5 5 14 5 12.162
5 13 astr manh 5 5 14 5 25.435
5 13 bfs drlu 5 72 151 5 19.26
5 13 bfs drul 5 72 151 5 20.778
5 13 bfs ludr 5 97 208 5 21.294
5 13 bfs lurd 5 107 230 5 22.12
5 13 bfs rdlu 5 82 173 5 19.362
5 13 bfs rdul 5 82 173 5 42.357
5 13 bfs uldr 5 97 208 5 22.265
5 13 bfs ulrd 5 107 230 5 22.446
5 13 dfs drlu 19 325846 152913 20 664.746
5 13 dfs drul 19 543826 255269 20 1071.373
5 13 dfs ludr 19 1518734 712882 20 2550.723
5 13 dfs lurd 15 3115 1467 20 34.848
5 13 dfs rdlu 19 759526 356552 20 1448.17
5 13 dfs rdul 19 732959 344084 20 1437.324
5 13 dfs uldr 19 1517010 712064 20 2565.925
5 13 dfs ulrd 15 3115 1467 20 44.473
5 14 astr hamm 5 5 14 5 12.492
5 14 astr manh 5 5 14 5 18.115
5 14 bfs drlu 5 94 195 5 40.527
5 14 bfs drul 5 94 195 5 20.71
5 14 bfs ludr 5 119 252 5 22.293
5 14 bfs lurd 5 85 186 5 19.965
5 14 bfs rdlu 5 60 129 5 22.36
5 14 bfs rdul 5 60 129 5 21.337
5 14 bfs uldr 5 119 252 5 21.615
5 14 bfs ulrd 5 85 186 5 22.468
5 14 dfs drlu 19 866865 406908 20 1623.992
5 14 dfs drul 19 860426 403870 20 1574.178
5 14 dfs ludr 15 5028 2370 20 40.606
5 14 dfs lurd 17 1331683 625113 20 2298.451
5 14 dfs rdlu 19 257305 120763 20 573.066
5 14 dfs rdul 19 238407 111873 20 544.642
5 14 dfs uldr 15 5028 2370 20 41.627
5 14 dfs ulrd 17 1330054 624386 20 2404.429
5 15 astr hamm 5 5 15 5 13.045
5 15 astr manh 5 5 15 5 19.241
5 15 bfs drlu 5 131 280 5 24.234
5 15 bfs drul 5 116 246 5 25.894
5 15 bfs ludr 5 110 236 5 20.457
5 15 bfs lurd 5 111 239 5 23.612
5 15 bfs rdlu 5 132 283 5 27.534
5 15 bfs rdul 5 117 249 5 23.314
5 15 bfs uldr 5 95 202 5 23.26
5 15 bfs ulrd 5 96 205 5 21.371
5 15 dfs drlu 17 1478243 694010 20 2511.316
5 15 dfs drul 17 2468074 1158503 20 3882.438
5 15 dfs ludr 19 1081779 507884 20 1919.324
5 15 dfs lurd 19 1167604 548123 20 1996.894
5 15 dfs rdlu 19 132228 62059 20 392.622
5 15 dfs rdul 19 968 452 20 24.435
5 15 dfs uldr 17 358746 168430 20 782.738
5 15 dfs ulrd 17 720 338 20 22.647
5 16 astr hamm 5 6 14 5 13.009
5 16 astr manh 5 8 17 5 18.311
5 16 bfs drlu 5 54 121 5 18.033
5 16 bfs drul 5 54 121 5 24.14
5 16 bfs ludr 5 85 181 5 21.361
5 16 bfs lurd 5 83 178 5 20.648
5 16 bfs rdlu 5 52 118 5 45.583
5 16 bfs rdul 5 52 118 5 24.854
5 16 bfs uldr 5 85 181 5 19.247
5 16 bfs ulrd 5 83 178 5 20.062
5 16 dfs drlu 19 357758 167973 20 697.195
5 16 dfs drul 19 201 95 20 15.821
5 16 dfs ludr 19 2327138 1092357 20 3600.131
5 16 dfs lurd 19 1477496 693654 20 2498.943
5 16 dfs rdlu 19 357746 167967 20 742.913
5 16 dfs rdul 19 189 89 20 15.956
5 16 dfs uldr 19 2316778 1087487 20 3603.597
5 16 dfs ulrd 19 1477496 693654 20 2524.297
5 17 astr hamm 5 7 17 5 12.157
5 17 astr manh 5 7 16 5 23.53
5 17 bfs drlu 5 103 218 5 22.343
5 17 bfs drul 5 76 165 5 24.548
5 17 bfs ludr 5 105 219 5 19.84
5 17 bfs lurd 5 103 216 5 22.004
5 17 bfs rdlu 5 101 215 5 22.855
5 17 bfs rdul 5 74 162 5 49.464
5 17 bfs uldr 5 78 166 5 18.472
5 17 bfs ulrd 5 76 163 5 19.149
5 17 dfs drlu 17 1623500 762017 20 2674.911
5 17 dfs drul 17 754 358 20 22.588
5 17 dfs ludr 19 499752 234563 20 953.558
5 17 dfs lurd 19 626340 294007 20 1187.609
5 17 dfs rdlu 17 1623439 761990 20 2759.108
5 17 dfs rdul 17 693 331 20 24.439
5 17 dfs uldr 19 1079245 506588 20 1933.676
5 17 dfs ulrd 19 1024220 480753 20 1818.917
5 18 astr hamm 5 5 14 5 12.013
5 18 astr manh 5 5 14 5 18.035
5 18 bfs drlu 5 62 132 5 17.949
5 18 bfs drul 5 62 132 5 17.562
5 18 bfs ludr 5 87 189 5 20.8
5 18 bfs lurd 5 117 249 5 26.609
5 18 bfs rdlu 5 92 192 5 19.512
5 18 bfs rdul 5 92 192 5 22.114
5 18 bfs uldr 5 87 189 5 26.033
5 18 bfs ulrd 5 117 249 5 26.012
5 18 dfs drlu 17 238382 111862 20 514.936
5 18 dfs drul 17 257280 120752 20 567.972
5 18 dfs ludr 19 1330052 624384 20 2282.879
5 18 dfs lurd 15 4750 2238 20 40.949
5 18 dfs rdlu 19 759603 356589 20 1456.924
5 18 dfs rdul 19 733036 344121 20 1533.849
5 18 dfs uldr 19 1331681 625111 20 2270.588
5 18 dfs ulrd 15 4750 2238 20 41.812
5 19 astr hamm 5 5 14 5 11.75
5 19 astr manh 5 5 14 5 18.632
5 19 bfs drlu 5 84 176 5 23.133
5 19 bfs drul 5 84 176 5 20.725
5 19 bfs ludr 5 109 233 5 22.743
5 19 bfs lurd 5 95 205 5 21.123
5 19 bfs rdlu 5 70 148 5 18.74
5 19 bfs rdul 5 70 148 5 25.412
5 19 bfs uldr 5 109 233 5 21.852
5 19 bfs ulrd 5 95 205 5 20.352
5 19 dfs drlu 19 866788 406871 20 1629.808
5 19 dfs drul 19 860349 403833 20 1676.88
5 19 dfs ludr 15 3393 1599 20 35.295
5 19 dfs lurd 19 1416187 664783 20 2462.275
5 19 dfs rdlu 19 543814 255263 20 1077.961
5 19 dfs rdul 19 325834 152907 20 745.682
5 19 dfs uldr 15 3393 1599 20 36.167
5 19 dfs ulrd 19 1384905 650095 20 2357.812
5 20 astr hamm 5 5 15 5 13.168
5 20 astr manh 5 5 15 5 19.323
5 20 bfs drlu 5 119 252 5 23.515
5 20 bfs drul 5 134 286 5 23.871
5 20 bfs ludr 5 98 208 5 21.969
5 20 bfs lurd 5 93 199 5 21.449
5 20 bfs rdlu 5 114 243 5 24.029
5 20 bfs rdul 5 129 277 5 128.769
5 20 bfs uldr 5 113 242 5 23.558
5 20 bfs ulrd 5 108 233 5 22.952
5 20 dfs drlu 19 980 458 20 23.78
5 20 dfs drul 19 358225 168191 20 767.952
5 20 dfs ludr 17 781 365 20 22.6
5 20 dfs lurd 17 358685 168403 20 698.115
5 20 dfs rdlu 19 2463614 1156403 20 3746.51
5 20 dfs rdul 19 1474259 692142 20 2666.435
5 20 dfs uldr 19 1167616 548129 20 2062.123
5 20 dfs ulrd 19 1081767 507878 20 1903.181
5 21 astr hamm 5 5 13 5 11.772
5 21 astr manh 5 5 13 5 17.838
5 21 bfs drlu 5 67 144 5 17.05
5 21 bfs drul 5 67 144 5 17.652
5 21 bfs ludr 5 90 193 5 20.619
5 21 bfs lurd 5 112 237 5 21.213
5 21 bfs rdlu 5 89 188 5 20.508
5 21 bfs rdul 5 89 188 5 27.993
5 21 bfs uldr 5 90 193 5 19.273
5 21 bfs ulrd 5 112 237 5 21.397
5 21 dfs drlu 19 237122 111268 20 521.722
5 21 dfs drul 19 259666 121868 20 558.814
5 21 dfs ludr 17 1256 589 20 26.613
5 21 dfs lurd 19 1416314 664845 20 2521.332
5 21 dfs rdlu 19 927428 435424 20 1662.275
5 21 dfs rdul 19 952220 447083 20 1810.673
5 21 dfs uldr 17 1256 589 20 25.364
5 21 dfs ulrd 19 1385032 650157 20 2369.079
5 22 astr hamm 5 6 14 5 12.037
5 22 astr manh 5 5 12 5 19.539
5 22 bfs drlu 5 74 159 5 19.501
5 22 bfs drul 5 74 159 5 18.104
5 22 bfs ludr 5 68 149 5 23.513
5 22 bfs lurd 5 63 140 5 19.266
5 22 bfs rdlu 5 69 150 5 17.349
5 22 bfs rdul 5 69 150 5 17.89
5 22 bfs uldr 5 68 149 5 19.5
5 22 bfs ulrd 5 63 140 5 17.637
5 22 dfs drlu 17 1075688 505034 20 1908.437
5 22 dfs drul 17 1178104 553068 20 2118.77
5 22 dfs ludr 19 308 145 20 17.41
5 22 dfs lurd 19 357826 168005 20 696.856
5 22 dfs rdlu 17 1100944 516907 20 1898.904
5 22 dfs rdul 17 1203360 564941 20 2170.603
5 22 dfs uldr 19 308 145 20 17.363
5 22 dfs ulrd 19 357826 168005 20 690.194
5 23 astr hamm 5 5 12 5 11.717
5 23 astr manh 5 5 12 5 16.716
5 23 bfs drlu 5 54 121 5 16.912
5 23 bfs drul 5 54 121 5 17.882
5 23 bfs ludr 5 85 181 5 18.897
5 23 bfs lurd 5 83 178 5 18.861
5 23 bfs rdlu 5 52 118 5 18.188
5 23 bfs rdul 5 52 118 5 16.768
5 23 bfs uldr 5 85 181 5 23.439
5 23 bfs ulrd 5 83 178 5 19.506
5 23 dfs drlu 19 201 95 20 15.438
5 23 dfs drul 19 357758 167973 20 714.59
5 23 dfs ludr 19 1477508 693660 20 2639.004
5 23 dfs lurd 19 2215955 1040206 20 3539.119
5 23 dfs rdlu 19 189 89 20 15.423
5 23 dfs rdul 19 357746 167967 20 780.069
5 23 dfs uldr 19 1477508 693660 20 2494.843
5 23 dfs ulrd 19 2193309 1029570 20 3475.632
5 24 astr hamm 5 6 14 5 15.267
5 24 astr manh 5 6 14 5 18.629
5 24 bfs drlu 5 76 165 5 22.403
5 24 bfs drul 5 103 218 5 22.512
5 24 bfs ludr 5 78 166 5 21.36
5 24 bfs lurd 5 76 163 5 19.227
5 24 bfs rdlu 5 74 162 5 20.921
5 24 bfs rdul 5 101 215 5 19.655
5 24 bfs uldr 5 105 219 5 21.064
5 24 bfs ulrd 5 103 216 5 20.906
5 24 dfs drlu 17 754 358 20 23.052
5 24 dfs drul 17 1623500 762017 20 2669.575
5 24 dfs ludr 19 1024232 480759 20 1933.599
5 24 dfs lurd 19 1079233 506582 20 1965.341
5 24 dfs rdlu 17 693 331 20 23.1
5 24 dfs rdul 17 1623439 761990 20 2850.562
5 24 dfs uldr 19 626352 294013 20 1194.002
5 24 dfs ulrd 19 499740 234557 20 939.672
5 25 astr hamm 5 6 14 5 12.242
5 25 astr manh 5 5 13 5 30.966
5 25 bfs drlu 5 76 159 5 19.952
5 25 bfs drul 5 76 159 5 18.403
5 25 bfs ludr 5 126 271 5 23.623
5 25 bfs lurd 5 151 326 5 24.984
5 25 bfs rdlu 5 101 214 5 21.092
5 25 bfs rdul 5 101 214 5 20.625
5 25 bfs uldr 5 126 271 5 27.812
5 25 bfs ulrd 5 151 326 5 27.664
5 25 dfs drlu 11 23 12 11 13.895
5 25 dfs drul 11 356829 167538 20 714.64
5 25 dfs ludr 19 196365 92147 20 441.713
5 25 dfs lurd 19 841882 395274 20 1569.868
5 25 dfs rdlu 19 357943 168060 20 746.034
5 25 dfs rdul 19 830 388 20 25.932
5 25 dfs uldr 19 222622 104501 20 493.334
5 25 dfs ulrd 19 1271 590 20 27.52
5 26 astr hamm 5 6 12 5 11.781
5 26 astr manh 5 5 11 5 15.322
5 26 bfs drlu 5 44 101 5 15.277
5 26 bfs drul 5 44 101 5 18.44
5 26 bfs ludr 5 93 198 5 23.761
5 26 bfs lurd 5 93 198 5 22.108
5 26 bfs rdlu 5 44 101 5 20.442
5 26 bfs rdul 5 44 101 5 17.103
5 26 bfs uldr 5 93 198 5 36.658
5 26 bfs ulrd 5 93 198 5 21.075
5 26 dfs drlu 11 23 12 11 11.527
5 26 dfs drul 11 356829 167538 20 798.273
5 26 dfs ludr 19 1477570 693690 20 2551.776
5 26 dfs lurd 19 2467986 1158461 20 3828.08
5 26 dfs rdlu 11 23 12 11 26.856
5 26 dfs rdul 11 356829 167538 20 767.486
5 26 dfs uldr 19 1477570 693690 20 2472.018
5 26 dfs ulrd 19 2467986 1158461 20 3900.715
5 27 astr hamm 5 7 16 5 13.317
5 27 astr manh 5 5 11 5 16.002
5 27 bfs drlu 5 61 133 5 19.203
5 27 bfs drul 5 57 123 5 17.274
5 27 bfs ludr 5 122 258 5 24.396
5 27 bfs lurd 5 122 258 5 22.659
5 27 bfs rdlu 5 61 133 5 19.664
5 27 bfs rdul 5 57 123 5 20.363
5 27 bfs uldr 5 118 248 5 22.455
5 27 bfs ulrd 5 118 248 5 38.897
5 27 dfs drlu 19 9814 4623 20 65.143
5 27 dfs drul 5 11 6 5 12.005
5 27 dfs ludr 19 483013 226692 20 908.575
5 27 dfs lurd 19 488220 229141 20 910.427
5 27 dfs rdlu 19 107289 50415 20 409.099
5 27 dfs rdul 5 11 6 5 11.139
5 27 dfs uldr 19 1691878 794102 20 2802.76
5 27 dfs ulrd 19 1227107 575990 20 2106.443
5 28 astr hamm 5 5 13 5 13.178
5 28 astr manh 5 5 13 5 16.883
5 28 bfs drlu 5 89 188 5 18.81
5 28 bfs drul 5 89 188 5 20.281
5 28 bfs ludr 5 112 237 5 21.716
5 28 bfs lurd 5 90 193 5 23.443
5 28 bfs rdlu 5 67 144 5 18.573
5 28 bfs rdul 5 67 144 5 20.314
5 28 bfs uldr 5 112 237 5 23.987
5 28 bfs ulrd 5 90 193 5 22.408
5 28 dfs drlu 19 952220 447083 20 1714.663
5 28 dfs drul 19 927428 435424 20 1685.301
5 28 dfs ludr 19 1385032 650157 20 2367.559
5 28 dfs lurd 17 1256 589 20 28.943
5 28 dfs rdlu 19 259666 121868 20 633.99
5 28 dfs rdul 19 237122 111268 20 652.025
5 28 dfs uldr 19 1416314 664845 20 2453.626
5 28 dfs ulrd 17 1256 589 20 25.281
5 29 astr hamm 5 5 12 5 12.189
5 29 astr manh 5 6 14 5 24.566
5 29 bfs drlu 5 69 150 5 18.405
5 29 bfs drul 5 69 150 5 23.276
5 29 bfs ludr 5 63 140 5 17.012
5 29 bfs lurd 5 68 149 5 27.209
5 29 bfs rdlu 5 74 159 5 18.954
5 29 bfs rdul 5 74 159 5 20.857
5 29 bfs uldr 5 63 140 5 16.96
5 29 bfs ulrd 5 68 149 5 17.403
5 29 dfs drlu 17 1203360 564941 20 2106.322
5 29 dfs drul 17 1100944 516907 20 1926.548
5 29 dfs ludr 19 357826 168005 20 701.762
5 29 dfs lurd 19 308 145 20 19.226
5 29 dfs rdlu 17 1178104 553068 20 2095.573
5 29 dfs rdul 17 1075688 505034 20 1964.624
5 29 dfs uldr 19 357826 168005 20 698.338
5 29 dfs ulrd 19 308 145 20 16.78
5 30 astr hamm 5 5 14 5 12.232
5 30 astr manh 5 5 14 5 18.113
5 30 bfs drlu 5 70 148 5 17.744
5 30 bfs drul 5 70 148 5 19.287
5 30 bfs ludr 5 95 205 5 28.3
5 30 bfs lurd 5 109 233 5 22.58
5 30 bfs rdlu 5 84 176 5 20.552
5 30 bfs rdul 5 84 176 5 19.736
5 30 bfs uldr 5 95 205 5 22.882
5 30 bfs ulrd 5 109 233 5 25.871
5 30 dfs drlu 19 325834 152907 20 660.429
5 30 dfs drul 19 543814 255263 20 1082.335
5 30 dfs ludr 19 1384905 650095 20 2481.285
5 30 dfs lurd 15 3393 1599 20 49.997
5 30 dfs rdlu 19 860349 403833 20 1633.003
5 30 dfs rdul 19 866788 406871 20 1718.583
5 30 dfs uldr 19 1416187 664783 20 2533.705
5 30 dfs ulrd 15 3393 1599 20 38.621
5 31 astr hamm 5 5 14 5 12.433
5 31 astr manh 5 5 14 5 18.103
5 31 bfs drlu 5 92 192 5 22.326
5 31 bfs drul 5 92 192 5 20.579
5 31 bfs ludr 5 117 249 5 45.989
5 31 bfs lurd 5 87 189 5 27.544
5 31 bfs rdlu 5 62 132 5 17.034
5 31 bfs rdul 5 62 132 5 25.691
5 31 bfs uldr 5 117 249 5 23.091
5 31 bfs ulrd 5 87 189 5 19.458
5 31 dfs drlu 19 733036 344121 20 1468.799
5 31 dfs drul 19 759603 356589 20 1424.122
5 31 dfs ludr 15 4750 2238 20 39.069
5 31 dfs lurd 19 1331681 625111 20 2329.988
5 31 dfs rdlu 17 257280 120752 20 569.037
5 31 dfs rdul 17 238382 111862 20 579.32
5 31 dfs uldr 15 4750 2238 20 41.217
5 31 dfs ulrd 19 1330052 624384 20 2261.396
5 32 astr hamm 5 5 15 5 12.052
5 32 astr manh 5 5 15 5 19.134
5 32 bfs drlu 5 129 277 5 24.962
5 32 bfs drul 5 114 243 5 20.343
5 32 bfs ludr 5 108 233 5 23.436
5 32 bfs lurd 5 113 242 5 20.356
5 32 bfs rdlu 5 134 286 5 24.596
5 32 bfs rdul 5 119 252 5 136.949
5 32 bfs uldr 5 93 199 5 19.666
5 32 bfs ulrd 5 98 208 5 19.567
5 32 dfs drlu 19 1474259 692142 20 2552.06
5 32 dfs drul 19 2463614 1156403 20 3848.206
5 32 dfs ludr 19 1081767 507878 20 1922.546
5 32 dfs lurd 19 1167616 548129 20 1980.629
5 32 dfs rdlu 19 358225 168191 20 770.622
5 32 dfs rdul 19 980 458 20 25.231
5 32 dfs uldr 17 358685 168403 20 731.962
5 32 dfs ulrd 17 781 365 20 22.222
5 33 astr hamm 5 6 14 5 11.603
5 33 astr manh 5 7 16 5 19.185
5 33 bfs drlu 5 52 118 5 19.421
5 33 bfs drul 5 52 118 5 17.292
5 33 bfs ludr 5 83 178 5 22.491
5 33 bfs lurd 5 85 181 5 23.165
5 33 bfs rdlu 5 54 121 5 17.3
5 33 bfs rdul 5 54 121 5 24.101
5 33 bfs uldr 5 83 178 5 21.05
5 33 bfs ulrd 5 85 181 5 21.909
5 33 dfs drlu 19 357746 167967 20 695.534
5 33 dfs drul 19 189 89 20 15.069
5 33 dfs ludr 19 2193309 1029570 20 3449.12
5 33 dfs lurd 19 1477508 693660 20 2510.754
5 33 dfs rdlu 19 357758 167973 20 709.01
5 33 dfs rdul 19 201 95 20 17.167
5 33 dfs uldr 19 2215955 1040206 20 3442.529
5 33 dfs ulrd 19 1477508 693660 20 2529.685
5 34 astr hamm 5 6 14 5 11.819
5 34 astr manh 5 6 14 5 17.298
5 34 bfs drlu 5 101 215 5 22.005
5 34 bfs drul 5 74 162 5 25.881
5 34 bfs ludr 5 103 216 5 20.057
5 34 bfs lurd 5 105 219 5 20.989
5 34 bfs rdlu 5 103 218 5 20.919
5 34 bfs rdul 5 76 165 5 19.259
5 34 bfs uldr 5 76 163 5 18.003
5 34 bfs ulrd 5 78 166 5 19.442
5 34 dfs drlu 17 1623439 761990 20 2670.231
5 34 dfs drul 17 693 331 20 22.054
5 34 dfs ludr 19 499740 234557 20 939.631
5 34 dfs lurd 19 626352 294013 20 1176.861
5 34 dfs rdlu 17 1623500 762017 20 2808.642
5 34 dfs rdul 17 754 358 20 29.976
5 34 dfs uldr 19 1079233 506582 20 1934.645
5 34 dfs ulrd 19 1024232 480759 20 1831.784
5 35 astr hamm 5 5 14 5 11.974
5 35 astr manh 5 5 14 5 18.733
5 35 bfs drlu 5 60 129 5 17.653
5 35 bfs drul 5 60 129 5 20.29
5 35 bfs ludr 5 85 186 5 24.861
5 35 bfs lurd 5 119 252 5 22.64
5 35 bfs rdlu 5 94 195 5 20.689
5 35 bfs rdul 5 94 195 5 29.543
5 35 bfs uldr 5 85 186 5 19.264
5 35 bfs ulrd 5 119 252 5 24.239
5 35 dfs drlu 19 238407 111873 20 504.052
5 35 dfs drul 19 257305 120763 20 553.437
5 35 dfs ludr 17 1330054 624386 20 2303.546
5 35 dfs lurd 15 5028 2370 20 41.325
5 35 dfs rdlu 19 860426 403870 20 1600.927
5 35 dfs rdul 19 866865 406908 20 1736.043
5 35 dfs uldr 17 1331683 625113 20 2296.395
5 35 dfs ulrd 15 5028 2370 20 41.446
5 36 astr hamm 5 5 14 5 15.183
5 36 astr manh 5 5 14 5 18.247
5 36 bfs drlu 5 82 173 5 25.043
5 36 bfs drul 5 82 173 5 19.008
5 36 bfs ludr 5 107 230 5 21.34
5 36 bfs lurd 5 97 208 5 19.976
5 36 bfs rdlu 5 72 151 5 20.435
5 36 bfs rdul 5 72 151 5 33.631
5 36 bfs uldr 5 107 230 5 54.359
5 36 bfs ulrd 5 97 208 5 31.132
5 36 dfs drlu 19 732959 344084 20 1404.865
5 36 dfs drul 19 759526 356552 20 1461.412
5 36 dfs ludr 15 3115 1467 20 35.436
5 36 dfs lurd 19 1517010 712064 20 2532.477
5 36 dfs rdlu 19 543826 255269 20 1057.047
5 36 dfs rdul 19 325846 152913 20 704.621
5 36 dfs uldr 15 3115 1467 20 34.943
5 36 dfs ulrd 19 1518734 712882 20 2533.416
5 37 astr hamm 5 5 15 5 12.185
5 37 astr manh 5 5 15 5 18.744
5 37 bfs drlu 5 117 249 5 21.836
5 37 bfs drul 5 132 283 5 25.014
5 37 bfs ludr 5 96 205 5 19.373
5 37 bfs lurd 5 95 202 5 19.289
5 37 bfs rdlu 5 116 246 5 27.294
5 37 bfs rdul 5 131 280 5 33.351
5 37 bfs uldr 5 111 239 5 20.618
5 37 bfs ulrd 5 110 236 5 21.156
5 37 dfs drlu 19 968 452 20 28.023
5 37 dfs drul 19 132228 62059 20 334.313
5 37 dfs ludr 17 720 338 20 22.498
5 37 dfs lurd 17 358746 168430 20 692.571
5 37 dfs rdlu 17 2468074 1158503 20 3753.559
5 37 dfs rdul 17 1478243 694010 20 2642.423
5 37 dfs uldr 19 1167604 548123 20 1941.185
5 37 dfs ulrd 19 1081779 507884 20 1865.387
5 38 astr hamm 5 5 13 5 11.63
5 38 astr manh 5 5 13 5 19.349
5 38 bfs drlu 5 65 141 5 20.062
5 38 bfs drul 5 65 141 5 36.787
5 38 bfs ludr 5 88 190 5 20.34
5 38 bfs lurd 5 114 240 5 23.127
5 38 bfs rdlu 5 91 191 5 19.637
5 38 bfs rdul 5 91 191 5 32.662
5 38 bfs uldr 5 88 190 5 19.482
5 38 bfs ulrd 5 114 240 5 21.954
5 38 dfs drlu 17 732522 343882 20 1385.435
5 38 dfs drul 17 759089 356350 20 1411.984
5 38 dfs ludr 17 1195 562 20 25.519
5 38 dfs lurd 19 1517137 712126 20 2578.278
5 38 dfs rdlu 19 927440 435430 20 1708.565
5 38 dfs rdul 19 952232 447089 20 1769.849
5 38 dfs uldr 17 1195 562 20 24.815
5 38 dfs ulrd 19 1518861 712944 20 2515.455
5 39 astr hamm 5 6 14 5 13.719
5 39 astr manh 5 5 12 5 16.685
5 39 bfs drlu 5 72 156 5 18.89
5 39 bfs drul 5 72 156 5 18.106
5 39 bfs ludr 5 66 146 5 17.071
5 39 bfs lurd 5 65 143 5 17.335
5 39 bfs rdlu 5 71 153 5 17.841
5 39 bfs rdul 5 71 153 5 96.178
5 39 bfs uldr 5 66 146 5 20.032
5 39 bfs ulrd 5 65 143 5 18.678
5 39 dfs drlu 19 1075713 505045 20 1872.107
5 39 dfs drul 19 1178129 553079 20 2099.317
5 39 dfs ludr 19 296 139 20 17.316
5 39 dfs lurd 19 357838 168011 20 734.243
5 39 dfs rdlu 19 1100969 516918 20 1922.8
5 39 dfs rdul 19 1203385 564952 20 2226.25
5 39 dfs uldr 19 296 139 20 22.233
5 39 dfs ulrd 19 357838 168011 20 679.31
5 40 astr hamm 5 5 12 5 11.847
5 40 astr manh 5 5 12 5 16.301
5 40 bfs drlu 5 52 118 5 17.014
5 40 bfs drul 5 52 118 5 18.5
5 40 bfs ludr 5 83 178 5 19.806
5 40 bfs lurd 5 85 181 5 19.755
5 40 bfs rdlu 5 54 121 5 17.415
5 40 bfs rdul 5 54 121 5 18.671
5 40 bfs uldr 5 83 178 5 22.03
5 40 bfs ulrd 5 85 181 5 20.174
5 40 dfs drlu 19 189 89 20 16.133
5 40 dfs drul 19 357746 167967 20 712.541
5 40 dfs ludr 19 1477496 693654 20 2631.944
5 40 dfs lurd 19 2316778 1087487 20 3674.258
5 40 dfs rdlu 19 201 95 20 15.625
5 40 dfs rdul 19 357758 167973 20 776.203
5 40 dfs uldr 19 1477496 693654 20 3193.258
5 40 dfs ulrd 19 2327138 1092357 20 3604.406
5 41 astr hamm 5 7 17 5 20.221
5 41 astr manh 5 6 14 5 17.138
5 41 bfs drlu 5 74 162 5 17.784
5 41 bfs drul 5 101 215 5 20.472
5 41 bfs ludr 5 76 163 5 19.565
5 41 bfs lurd 5 78 166 5 20.027
5 41 bfs rdlu 5 76 165 5 20.835
5 41 bfs rdul 5 103 218 5 25.006
5 41 bfs uldr 5 103 216 5 31.878
5 41 bfs ulrd 5 105 219 5 25.385
5 41 dfs drlu 17 693 331 20 22.206
5 41 dfs drul 17 1623439 761990 20 2667.028
5 41 dfs ludr 19 1024220 480753 20 1878.61
5 41 dfs lurd 19 1079245 506588 20 1894.558
5 41 dfs rdlu 17 754 358 20 22.667
5 41 dfs rdul 17 1623500 762017 20 2777.899
5 41 dfs uldr 19 626340 294007 20 1377.654
5 41 dfs ulrd 19 499752 234563 20 900.688
5 42 astr hamm 5 7 14 5 11.924
5 42 astr manh 5 7 14 5 17.055
5 42 bfs drlu 5 44 101 5 15.658
5 42 bfs drul 5 44 101 5 16.764
5 42 bfs ludr 5 93 198 5 21.768
5 42 bfs lurd 5 93 198 5 20.28
5 42 bfs rdlu 5 44 101 5 19.293
5 42 bfs rdul 5 44 101 5 20.653
5 42 bfs uldr 5 93 198 5 19.992
5 42 bfs ulrd 5 93 198 5 19.193
5 42 dfs drlu 11 356829 167538 20 708.768
5 42 dfs drul 11 23 12 11 12.253
5 42 dfs ludr 19 2467986 1158461 20 3844.978
5 42 dfs lurd 19 1477570 693690 20 2469.365
5 42 dfs rdlu 11 356829 167538 20 738.734
5 42 dfs rdul 11 23 12 11 13.533
5 42 dfs uldr 19 2467986 1158461 20 3935.626
5 42 dfs ulrd 19 1477570 693690 20 2543.959
5 43 astr hamm 5 6 14 5 12.374
5 43 astr manh 5 6 14 5 20.074
5 43 bfs drlu 5 101 214 5 20.391
5 43 bfs drul 5 101 214 5 35.654
5 43 bfs ludr 5 151 326 5 27.179
5 43 bfs lurd 5 126 271 5 24.26
5 43 bfs rdlu 5 76 159 5 20.711
5 43 bfs rdul 5 76 159 5 19.62
5 43 bfs uldr 5 151 326 5 26.764
5 43 bfs ulrd 5 126 271 5 22.316
5 43 dfs drlu 19 830 388 20 23.628
5 43 dfs drul 19 357943 168060 20 820.173
5 43 dfs ludr 19 1271 590 20 25.068
5 43 dfs lurd 19 222622 104501 20 497.677
5 43 dfs rdlu 11 356829 167538 20 798.532
5 43 dfs rdul 11 23 12 11 12.728
5 43 dfs uldr 19 841882 395274 20 1586.527
5 43 dfs ulrd 19 196365 92147 20 447.852
5 44 astr hamm 5 8 18 5 12.637
5 44 astr manh 5 5 11 5 15.746
5 44 bfs drlu 5 57 123 5 18.744
5 44 bfs drul 5 61 133 5 19.132
5 44 bfs ludr 5 118 248 5 24.124
5 44 bfs lurd 5 118 248 5 21.526
5 44 bfs rdlu 5 57 123 5 16.386
5 44 bfs rdul 5 61 133 5 29.662
5 44 bfs uldr 5 122 258 5 24.336
5 44 bfs ulrd 5 122 258 5 30.021
5 44 dfs drlu 5 11 6 5 11.56
5 44 dfs drul 19 107289 50415 20 432.896
5 44 dfs ludr 19 1227107 575990 20 2121.79
5 44 dfs lurd 19 1691878 794102 20 2800.473
5 44 dfs rdlu 5 11 6 5 11.62
5 44 dfs rdul 19 9814 4623 20 60.808
5 44 dfs uldr 19 488220 229141 20 902.582
5 44 dfs ulrd 19 483013 226692 20 954.395
5 45 astr hamm 5 5 13 5 12.181
5 45 astr manh 5 5 13 5 17.749
5 45 bfs drlu 5 57 123 5 24.463
5 45 bfs drul 5 57 123 5 19.48
5 45 bfs ludr 5 80 176 5 18.747
5 45 bfs lurd 5 122 258 5 36.946
5 45 bfs rdlu 5 99 205 5 19.771
5 45 bfs rdul 5 99 205 5 25.151
5 45 bfs uldr 5 80 176 5 19.97
5 45 bfs ulrd 5 122 258 5 22.324
5 45 dfs drlu 5 11 6 5 10.604
5 45 dfs drul 5 11 6 5 17.724
5 45 dfs ludr 17 943030 442659 20 1675.126
5 45 dfs lurd 15 5613 2648 20 42.915
5 45 dfs rdlu 19 1691706 794024 20 2851.06
5 45 dfs rdul 19 1226935 575912 20 2249.405
5 45 dfs uldr 17 1010311 474212 20 1850.337
5 45 dfs ulrd 15 5613 2648 20 48.771
5 46 astr hamm 5 5 13 5 12.355
5 46 astr manh 5 5 13 5 33.592
5 46 bfs drlu 5 79 167 5 21.558
5 46 bfs drul 5 79 167 5 21.166
5 46 bfs ludr 5 102 220 5 21.967
5 46 bfs lurd 5 100 214 5 19.766
5 46 bfs rdlu 5 77 161 5 18.848
5 46 bfs rdul 5 77 161 5 28.467
5 46 bfs uldr 5 102 220 5 26.113
5 46 bfs ulrd 5 100 214 5 27.466
5 46 dfs drlu 19 12081 5689 20 88.988
5 46 dfs drul 19 99177 46556 20 529.885
5 46 dfs ludr 15 2344 1107 20 31.497
5 46 dfs lurd 15 1628570 764409 20 2640.596
5 46 dfs rdlu 19 543863 255287 20 1116.384
5 46 dfs rdul 19 325883 152931 20 717.155
5 46 dfs uldr 15 2344 1107 20 30.708
5 46 dfs ulrd 15 1628570 764409 20 2712.406
5 47 astr hamm 5 5 14 5 14.918
5 47 astr manh 5 5 14 5 18.829
5 47 bfs drlu 5 114 243 5 21.604
5 47 bfs drul 5 129 277 5 23.85
5 47 bfs ludr 5 91 195 5 23.816
5 47 bfs lurd 5 98 208 5 24.853
5 47 bfs rdlu 5 121 256 5 22.533
5 47 bfs rdul 5 136 290 5 26.931
5 47 bfs uldr 5 106 229 5 21.777
5 47 bfs ulrd 5 113 242 5 21.094
5 47 dfs drlu 19 941 440 20 26.661
5 47 dfs drul 19 358186 168173 20 969.318
5 47 dfs ludr 17 554 261 20 20.338
5 47 dfs lurd 17 358878 168491 20 697.468
5 47 dfs rdlu 19 1568763 736481 20 2607.344
5 47 dfs rdul 17 1478409 694087 20 2580.994
5 47 dfs uldr 19 1167567 548105 20 1984.644
5 47 dfs ulrd 19 1081806 507896 20 1854.752
5 48 astr hamm 5 5 12 5 11.647
5 48 astr manh 5 5 12 5 18.157
5 48 bfs drlu 5 62 135 5 17.858
5 48 bfs drul 5 62 135 5 17.198
5 48 bfs ludr 5 83 180 5 19.784
5 48 bfs lurd 5 117 246 5 24.968
5 48 bfs rdlu 5 96 201 5 21.336
5 48 bfs rdul 5 96 201 5 27.078
5 48 bfs uldr 5 83 180 5 19.035
5 48 bfs ulrd 5 117 246 5 24.528
5 48 dfs drlu 17 9474 4463 20 91.223
5 48 dfs drul 17 96570 45330 20 373.31
5 48 dfs ludr 17 1029 485 20 24.522
5 48 dfs lurd 17 1624002 762248 20 2701.421
5 48 dfs rdlu 19 2838196 1332380 20 4384.324
5 48 dfs rdul 19 2575653 1209184 20 4136.568
5 48 dfs uldr 17 1029 485 20 24.187
5 48 dfs ulrd 17 1624002 762248 20 2580.958
5 49 astr hamm 5 6 13 5 11.949
5 49 astr manh 5 5 11 5 15.614
5 49 bfs drlu 5 69 150 5 17.893
5 49 bfs drul 5 69 150 5 18.252
5 49 bfs ludr 5 61 136 5 19.044
5 49 bfs lurd 5 68 149 5 22.608
5 49 bfs rdlu 5 76 163 5 18.617
5 49 bfs rdul 5 76 163 5 20.579
5 49 bfs uldr 5 61 136 5 21.908
5 49 bfs ulrd 5 68 149 5 18.524
5 49 dfs drlu 15 42824 20087 20 137.959
5 49 dfs drul 19 111955 52526 20 433.633
5 49 dfs ludr 19 259 121 20 17.022
5 49 dfs lurd 19 357865 168023 20 730.438
5 49 dfs rdlu 15 47539 22307 20 127.452
5 49 dfs rdul 19 138845 65169 20 374.815
5 49 dfs uldr 19 259 121 20 16.124
5 49 dfs ulrd 19 357865 168023 20 708.711
5 50 astr hamm 5 5 14 5 13.231
5 50 astr manh 5 8 19 5 23.167
5 50 bfs drlu 5 86 184 5 21.713
5 50 bfs drul 5 86 184 5 22.534
5 50 bfs ludr 5 126 267 5 27.612
5 50 bfs lurd 5 141 301 5 25.976
5 50 bfs rdlu 5 101 218 5 21.896
5 50 bfs rdul 5 101 218 5 27.075
5 50 bfs uldr 5 126 267 5 22.775
5 50 bfs ulrd 5 141 301 5 25.405
5 50 dfs drlu 17 313 150 20 18.813
5 50 dfs drul 17 358410 168276 20 764.084
5 50 dfs ludr 19 1038 484 20 26.868
5 50 dfs lurd 19 358283 168217 20 799.695
5 50 dfs rdlu 17 1166824 547763 20 2047.241
5 50 dfs rdul 17 1080699 507379 20 2058.177
5 50 dfs uldr 19 1694246 795325 20 2746.729
5 50 dfs ulrd 17 1478650 694198 20 2559.26
5 51 astr hamm 5 6 14 5 12.19
5 51 astr manh 5 8 17 5 23.116
5 51 bfs drlu 5 75 165 5 17.818
5 51 bfs drul 5 110 234 5 24.597
5 51 bfs ludr 5 69 147 5 20.918
5 51 bfs lurd 5 69 147 5 18.217
5 51 bfs rdlu 5 75 165 5 20.857
5 51 bfs rdul 5 110 234 5 30.623
5 51 bfs uldr 5 104 216 5 20.788
5 51 bfs ulrd 5 104 216 5 23.176
5 51 dfs drlu 19 1620461 760586 20 2651.594
5 51 dfs drul 15 3498 1650 20 42.726
5 51 dfs ludr 17 325807 152894 20 732.806
5 51 dfs lurd 17 544146 255415 20 1053.18
5 51 dfs rdlu 19 1620751 760724 20 2643.87
5 51 dfs rdul 15 3498 1650 20 40.157
5 51 dfs uldr 17 1342059 630031 20 2270.887
5 51 dfs ulrd 19 1226983 575932 20 2127.035
5 52 astr hamm 5 7 16 5 12.29
5 52 astr manh 5 8 18 5 21.024
5 52 bfs drlu 5 97 209 5 24.47
5 52 bfs drul 5 88 190 5 19.162
5 52 bfs ludr 5 91 191 5 24.346
5 52 bfs lurd 5 91 191 5 19.445
5 52 bfs rdlu 5 97 209 5 23.701
5 52 bfs rdul 5 88 190 5 36.945
5 52 bfs uldr 5 82 172 5 24.064
5 52 bfs ulrd 5 82 172 5 19.828
5 52 dfs drlu 15 1278 601 20 25.159
5 52 dfs drul 15 1626455 763411 20 2843.84
5 52 dfs ludr 19 1226879 575883 20 2091.892
5 52 dfs lurd 19 1691230 793793 20 2851.33
5 52 dfs rdlu 15 1278 601 20 25.584
5 52 dfs rdul 15 1626455 763411 20 2769.991
5 52 dfs uldr 19 543911 255307 20 1023.943
5 52 dfs ulrd 19 325931 152951 20 659.64
5 53 astr hamm 5 5 10 5 12.427
5 53 astr manh 5 5 10 5 16.823
5 53 bfs drlu 5 57 123 5 16.57
5 53 bfs drul 5 57 123 5 16.848
5 53 bfs ludr 5 73 161 5 19.604
5 53 bfs lurd 5 122 258 5 22.225
5 53 bfs rdlu 5 106 220 5 20.604
5 53 bfs rdul 5 106 220 5 36.64
5 53 bfs uldr 5 73 161 5 18.027
5 53 bfs ulrd 5 122 258 5 24.807
5 53 dfs drlu 5 11 6 5 12.253
5 53 dfs drul 5 11 6 5 12.635
5 53 dfs ludr 17 669 319 20 24.95
5 53 dfs lurd 17 1624213 762350 20 2652.086
5 53 dfs rdlu 19 2838273 1332417 20 4366.522
5 53 dfs rdul 19 2575730 1209221 20 4076.77
5 53 dfs uldr 17 669 319 20 21.649
5 53 dfs ulrd 17 1624213 762350 20 2677.846
5 54 astr hamm 5 5 11 5 13.253
5 54 astr manh 5 5 11 5 17.409
5 54 bfs drlu 5 114 243 5 21.024
5 54 bfs drul 5 139 298 5 25.281
5 54 bfs ludr 5 88 187 5 18.923
5 54 bfs lurd 5 88 187 5 20.634
5 54 bfs rdlu 5 114 243 5 22.288
5 54 bfs rdul 5 139 298 5 80.613
5 54 bfs uldr 5 113 242 5 24.745
5 54 bfs ulrd 5 113 242 5 23.172
5 54 dfs drlu 19 44117 20688 20 180.641
5 54 dfs drul 19 109280 51278 20 314.0
5 54 dfs ludr 19 182 84 20 15.59
5 54 dfs lurd 19 357913 168044 20 698.83
5 54 dfs rdlu 19 358054 168112 20 738.064
5 54 dfs rdul 19 1168 544 20 26.173
5 54 dfs uldr 19 358046 168106 20 861.015
5 54 dfs ulrd 19 933 434 20 23.337